headers: MedInc HouseAge AveRooms AveBedrms Population AveOccup Latitude Longitude MedHouseVal

min: 0.4999 1.0 0.8461538461538461 0.3333333333333333 3.0 0.6923076923076923 32.54 -124.35 0.14999
max: 15.0001 52.0 141.9090909090909 34.06666666666667 35682.0 1243.3333333333333 41.95 -114.31 5.00001
mean: 3.8706710029070246 28.639486434108527 5.428999742190365 1.0966751496062053 1425.4767441860465 3.070655159436382 35.6318614341087 -119.56970445736148 2.0685581690891843
standard deviation: 1.899775694574878 12.585252725724594 2.474113202333518 0.4738993762577431 1132.4346877576115 10.38579795912819 2.13590065379748 2.003483187746969 1.1539282040412349
indice del val min: 73 3130 5916 20248 5342 11849 14762 2655 2521
indice del val max: 1566 2 1914 1979 15360 19006 1859 13924 89
median: 3.5347999999999997 29.0 5.229128787878788 1.048780487804878 1166.0 2.818115654360196 34.26 -118.49 1.797

