9.443771551964990074e-01
6.536656383826009442e-01
-5.935876676467075619e-01
-9.609513607935025181e-01
2.663892838697878851e-02
-6.773002910743011196e-01
1.449164839341221533e-01
2.651527212342508211e-01
-4.881327003975186596e-01
-4.282773601318567991e-01
5.532509034312083074e-02
-4.450319962163009624e-01
6.840736950863823829e-01
5.943296504972823691e-01
-3.297898729418828889e-01
6.747187778259688962e-01
5.272004180003255769e-01
-1.816939001330273307e-01
3.492364098644773485e-01
-1.773433233408574505e-01
9.084920758829020393e-01
-5.815772968596228942e-01
-1.424104953740934487e-01
-7.828885103704414927e-01
-4.388451568214544185e-01
-1.227189948279494569e-01
-8.764868105853171887e-01
-4.121803857360917256e-01
5.160953386610680482e-01
-1.510979896923319021e-01
6.410401256019422345e-01
-2.404852781458823863e-01
-8.692557455165801361e-01
3.226588104584438010e-01
-4.947576860566396117e-01
-8.040584555960619273e-01
-3.535400233299286210e-01
1.752380266334840897e-01
-7.317103133366680279e-01
-2.464963085663354203e-01
2.399144787823921376e-01
6.495881749088305845e-02
6.585783368115616376e-02
7.167675817659944215e-01
-6.451561509707590680e-01
-9.391959260011693011e-01
-6.762633656432615048e-01
6.504302451912145067e-01
9.642750453720274617e-01
-9.973103400997702650e-01
3.091718011868576088e-01
2.342009511826286250e-01
5.603632358588781504e-01
-6.942656809397877993e-01
3.913865175048667489e-01
-3.030839587013496317e-01
-6.996152079311979133e-01
-6.442852052753744729e-01
9.647060086560648173e-01
7.575404833133692062e-01
-8.588041313818071121e-01
-5.300426005942380225e-01
2.516102748898791930e-01
6.071271534714741680e-01
5.040987159976442200e-01
9.979517444564964812e-01
-3.520371149097547558e-01
-7.374613491976995672e-01
6.218004213753189902e-01
-2.185664938215365893e-01
-6.048159269154487205e-01
-9.775049212025144207e-02
-3.440299848162802210e-01
5.071820165190921159e-01
-7.747905336395459752e-01
2.418488761664920883e-01
-1.720807507562918115e-01
8.317851257634258921e-01
-2.584576603947603690e-01
-1.442645050997628520e-01
-9.579151574881539233e-03
-1.264292116222012208e-01
5.160663787822752369e-01
7.434166375645425706e-01
-9.426532560666731619e-01
5.540978773171645333e-01
-5.607377264310855480e-01
2.078727293992537195e-01
-1.761732478477897601e-01
-4.569553235879517672e-01
-2.646444453466179070e-02
2.271460709813988288e-03
-8.269801503747367111e-01
-7.132651014867470440e-01
2.832148519992829794e-01
-6.973193991075823384e-01
5.194863821998658704e-01
-9.158412058757003926e-02
-2.593406319812043836e-01
3.330811985967214728e-01
4.616025067724529585e-01
1.884173696247932739e-01
5.909947007472897695e-01
1.618356028897895982e-01
2.589280285388320113e-01
-4.345114600774535596e-02
6.300310918205695998e-01
7.041437799832033217e-01
-3.294357332657513737e-01
2.451232498796391823e-01
-1.841021427756452944e-01
5.322445244918094787e-01
8.309462291722025107e-01
7.237841419167692081e-01
-8.598212866984622504e-01
-2.458718473572456542e-01
2.825687064470303600e-01
-2.383431242658000659e-01
9.484210349114308158e-02
8.203093595893131695e-01
-6.698029570739110206e-01
4.805088003962254550e-01
-1.163912914254501274e-01
6.616065712156153911e-01
-6.375792112099747388e-01
2.518566465956029177e-02
-5.709026371552659018e-01
-3.906155093961993785e-01
-6.720951534691050888e-01
8.153330768594193589e-01
-6.635922267933713758e-01
4.950651182458967181e-01
-4.620239261090788307e-01
-2.844124412678838976e-01
8.685638806348778829e-01
-9.584539061233743329e-01
-7.197776277577228043e-03
6.773940831611002800e-01
-3.123238177984488662e-01
-3.024220355687643469e-01
2.678932533249300807e-01
4.192509604843503990e-01
-7.946548831865578588e-01
8.750231862522614978e-01
2.770058826074188740e-01
2.087951014247588777e-01
1.001085345926862047e-01
-7.339509934258907631e-01
2.534796700433104011e-01
-2.594512240213178167e-01
5.906979345890992494e-01
-9.260313722483095589e-01
7.736646516394116713e-01
7.248374357022102643e-02
-5.927288316913317257e-01
-5.498068895863821304e-01
6.015425305858410621e-01
-9.584336866610598804e-02
8.514012671638016005e-01
5.507495778865520997e-01
-6.305599332018030356e-01
-2.854606852095258329e-01
7.095692517219853723e-01
-5.870315621193138433e-01
-8.781276915616442746e-01
-1.585351627169080402e-01
5.080540548568781567e-01
-3.892920849089263058e-01
-1.546226676280040291e-01
2.282548984460870400e-01
-8.287784396622617233e-01
-1.132695452530612101e-01
7.284783035648780825e-01
6.087322870760232263e-01
4.658567804722690830e-01
-1.302769320135903630e-01
8.838262414635791320e-01
-8.623128214240793898e-01
6.624667387000324759e-01
-6.100201945811460913e-01
4.700674143263261495e-01
-8.604869543889568373e-01
-3.254765410267201897e-01
1.010665923345799300e-01
1.790865920126567534e-01
-7.011774850155270133e-01
3.021624279601073937e-01
8.239380514476239981e-01
2.897022623221312543e-01
7.168191585487708739e-01
1.124026616364461884e-01
-5.428012223731470964e-01
3.381363354586377490e-01
1.884948744293948319e-01
1.548304131540960693e-01
-4.958659599458057343e-01
-4.620641093247508380e-01
9.956627553506518513e-01
-8.848102627208114246e-01
9.890123187889690026e-01
-9.805283085941089993e-01
2.201254531831322581e-01
-7.773023299155776833e-01
-6.340413803767952494e-01
-7.595721650679994053e-01
-7.856056868258745052e-01
-6.392243506323895819e-01
4.276089184935354393e-01
1.061318405501143758e-01
-2.599742287910002947e-01
-5.028744904176569719e-01
-5.754987676511078565e-01
2.849764512992392085e-01
1.785891953783205199e-01
-4.964279595626732711e-01
4.966521180826508619e-01
-3.532535534171770131e-01
-6.128007186066806167e-01
-1.304984094189853838e-01
-1.489672064076086322e-01
3.948019926129970880e-01
2.078370026515814484e-01
-7.856888069860354928e-01
-3.335632828838144270e-01
1.406738641630909115e-01
-1.538652618258431470e-01
-4.612718691638049151e-01
-8.222788353210079837e-01
7.581537529553887822e-01
-1.487777509097671924e-01
-3.936725997406875788e-01
-3.793302591973533033e-01
-8.820303629658952094e-01
-7.716477932126983852e-01
1.403800644552632981e-02
2.765376222639834847e-01
9.664136012554733757e-01
3.845743406581334511e-01
-1.329377370073558939e-01
2.655641619685102928e-01
6.693602552298059116e-01
-7.852376283757194209e-01
-3.327553134919478683e-01
5.489380420384784021e-01
4.707529286364258159e-01
-8.962779090615080602e-01
1.007006586331873343e-01
-9.326938393387538273e-01
-5.799551446608512961e-01
-2.433477445962248797e-01
-1.154991557854159190e-01
-3.333656121131838290e-01
2.939752672786219989e-01
9.442662258913478990e-01
9.942916455787260688e-01
-2.535966680112817784e-01
3.664243193167522339e-01
-3.325846416365101366e-01
-4.094099046890509186e-02
-9.068649016561376452e-01
3.058069649678485380e-01
8.827812638555372349e-01
-3.906554240109920695e-01
-4.453472053171168010e-01
8.248741888105708409e-01
-6.278814917544959240e-01
-5.816427640514036934e-01
7.626646430496664131e-01
-2.635759522006249078e-01
2.613330676892875459e-01
2.184470194184851000e-01
-3.447208108140651373e-01
-8.755368089427286726e-01
-7.135944644080651766e-01
8.631697514517870928e-01
-4.853612200188492931e-01
5.601034982768149373e-01
-7.507521424110037422e-01
-1.785145795072575758e-01
-2.734969067556087818e-01
7.113519185458727634e-02
9.541243151888065821e-01
6.845164746776006837e-01
-6.512801447354339412e-01
7.516690720484102695e-01
8.700302287983843197e-01
-8.593201206190745900e-01
-6.243880528792749018e-01
-8.824400660094811055e-01
2.914614202779668428e-01
-1.469438438521690760e-01
-1.302273035335175244e-01
-6.607163667453637146e-01
-8.119125135248010938e-01
9.312109796791585570e-01
-8.717635691377541018e-01
-9.251512199850593365e-01
-4.926867603808071649e-01
6.190127149786626148e-01
-8.794057330928564120e-01
-6.594813850089307206e-01
3.543585362171737252e-01
-8.397390716690158463e-01
-4.470216481596607228e-01
-6.810570154814938881e-01
-3.628582059732257115e-01
-6.621774421071675576e-01
-9.684644181412684905e-01
-9.195885849924829714e-01
7.412841490234223230e-01
-6.456679913655041236e-01
-5.043956155319058166e-01
4.090735211990246256e-01
-1.587422616681890553e-01
-3.336875309128668476e-01
-2.420663130859816992e-01
8.361571098014277670e-01
2.755697667856980004e-01
-9.464314522245038663e-01
7.750126695467542959e-01
-5.825865189439416447e-01
2.444030580694287469e-01
-4.048850003256545538e-01
-4.880019733845413210e-01
6.272660692457037168e-01
-2.156686944309147425e-01
5.423653767280403049e-01
-8.168905120791969399e-01
-2.927359151940964743e-01
-4.123409254269716495e-01
7.137329804434093816e-01
2.641253960531235734e-01
6.117124120796235687e-02
7.123864871198368753e-01
-2.577739644314633871e-01
7.042790696778473691e-01
5.962239727583382720e-01
9.658033828689209788e-01
3.276415479346661552e-01
9.743573040527706564e-01
6.212144097957024158e-01
-7.927416884149893761e-01
-8.755100009281382434e-01
2.347509153544280469e-01
4.195024572342109792e-01
5.101112732581989384e-01
3.225769288329025652e-01
3.439692021317968251e-01
2.138362439369643209e-01
-3.322425097334151811e-01
-8.247781190062810630e-01
-9.972723790266919686e-01
3.955905030238020537e-01
9.493016490544603503e-01
5.525629942335685829e-01
-8.161400858315706053e-01
3.852721825673248723e-01
-5.472460768596303371e-01
4.701921829472697212e-01
4.548687950318908157e-02
-9.587108935372026242e-01
2.963215460944712554e-01
7.150344037838782807e-01
6.083123303857278508e-01
9.555074945089065963e-01
3.747322258940686268e-01
8.332886888955015614e-01
-9.148337766184297948e-01
-6.216000228782627701e-01
-8.950883170574712722e-01
4.591363035214315325e-01
-8.435169861227771460e-01
-1.605941918072897323e-01
7.303426699359649721e-01
-3.291008980673357787e-01
-6.358982383476716738e-01
-8.209025349909557789e-01
6.624654205464579615e-01
-3.482132310629424410e-01
4.067588397478867357e-01
-4.309855939033986338e-01
1.553916554494925162e-01
7.251745626132521938e-01
-5.470835041977450963e-02
1.973084042612724964e-01
3.797494954925473287e-02
-4.731896400288764237e-01
6.419219313445321262e-01
7.882160572707712642e-01
-6.053547918931463379e-01
-7.241937742551163293e-01
9.987805013613271221e-02
-6.586778992911952457e-01
6.658579338723353835e-01
8.408512669516561289e-01
1.368973381771767528e-01
2.532111654994262384e-01
-2.753806598575714304e-02
-9.291232317489719339e-01
-4.187609147707382906e-01
7.802802440702614195e-01
4.899295420266771561e-01
-1.369195532138811622e-02
3.461435087554156631e-01
-1.853162869353888187e-01
8.111159343307150493e-01
-6.349030123510670531e-01
5.691614858826543610e-02
-3.499901416180541958e-01
-1.509185170192319791e-01
-2.164509796164530986e-01
-1.153674482690936198e-01
6.333830038893299985e-01
8.029666737513234676e-01
-5.925477237442100531e-01
-7.947272949489676552e-01
3.051725491426773296e-01
3.733778875773967609e-01
8.817739149463403869e-01
-1.911039074478138033e-01
3.211608937054097890e-01
-4.334618737395639076e-01
7.324178557298521852e-02
8.194865017869958912e-01
-8.884658633143180939e-01
8.446516311178502434e-01
-8.916730454265364703e-01
5.246864990220887481e-01
7.676726886386968651e-01
-3.347625426699469831e-01
-6.011780335439464995e-01
-8.099816699670947528e-01
9.294423515004868186e-02
-3.161866538602100540e-01
-6.265192236485304100e-01
7.980694129822762939e-02
-6.647471087304903659e-01
4.656129236170603036e-02
4.052803005988054874e-01
-5.474036590360720211e-02
-5.300773364558455381e-01
-5.607109656057094327e-01
4.454117979738083655e-01
-4.567015734556378881e-02
-9.418038608975123349e-01
2.681596728799007234e-01
3.148522341889230525e-01
6.541827950320122653e-01
2.189281466109287422e-01
-5.701383681553933158e-01
9.782607629018977846e-01
-7.868353084690049570e-01
-1.068885361822953239e-01
-2.983613572252576951e-01
-2.355640443674960061e-01
-7.399427118193435682e-02
-5.834763599362600139e-01
-1.604760207522704096e-01
-4.806388354983097688e-01
-5.849782641681278150e-02
1.255378556731876483e-01
9.510941819792952945e-01
-9.667407590273804363e-01
3.301194463420875636e-01
-6.170690909436871152e-02
2.599467361869078896e-01
-6.906678194591515663e-01
-8.901860524002460640e-01
-4.777473491514041548e-01
-1.214473224681291708e-01
-1.692751587093372923e-01
5.221866281732976400e-01
3.466699140450131278e-01
8.228817970388493386e-01
-9.785064801536924595e-01
1.845762323952768735e-01
-9.186272739719922864e-01
-9.027095705602956599e-01
-9.977599367573517508e-01
7.855069350392551719e-02
4.032067229128097896e-01
-2.734117073385726737e-01
-8.543007283502923599e-01
-6.078970539963348685e-01
9.862862347059826451e-01
-9.267240441291366704e-01
-6.219591986088515156e-01
3.183712308412227632e-01
-6.378875804067853927e-01
-9.310397350585333243e-01
-8.420504510603949999e-01
-1.866073797437142190e-01
4.187513899393227046e-01
-2.538535826725523137e-01
-1.456584736394872515e-02
5.748331255496184067e-01
8.021891182170755030e-01
-3.076839393498937980e-01
8.999249951744769938e-01
-2.097332069736976834e-01
7.045800934356869494e-01
2.227110084209067420e-01
9.015279180863970954e-01
-1.870801811699351891e-01
7.736293599184627112e-01
-1.711277732948348618e-01
-6.516655130659767536e-01
5.396462390830325528e-01
2.608378121663759153e-01
-8.505254217576661002e-01
1.428721538879951236e-01
3.625508917040312085e-01
6.476841209792205678e-01
8.101470350908526186e-01
1.921330963239178402e-01
8.774258026744929939e-01
-9.239978831471136189e-01
7.790311008996386732e-02
7.373027306394932534e-01
-4.337895506605826679e-01
9.698784997705767186e-01
-6.794941539863914581e-01
-6.998621880664022132e-01
1.656938718332212623e-02
2.041588278690054103e-02
-6.857791589902171303e-01
5.473765343118788262e-01
7.601669195930678136e-01
7.579646201496894609e-01
-3.932480674368630247e-01
-6.970924071386008780e-01
-2.490063199060936761e-01
-8.698110908013316767e-01
-1.987586619192065474e-01
-9.853908231532528816e-01
3.759603032312337501e-01
8.802228638307088016e-01
4.633428752833226305e-01
1.341105633786483509e-01
4.184464199190651712e-01
-7.945687806215140370e-02
-1.355202789758207516e-01
-1.342655566423966995e-01
-2.061137609679293270e-01
-2.338046421421511312e-01
-9.027444224652783067e-01
7.010101372194676994e-01
7.935542654924243600e-01
-8.350886523385943061e-01
8.888945178649432233e-01
7.350931197672292416e-01
7.060385139574214541e-01
-5.332244559447869570e-01
-6.443568129123253829e-01
-9.319204025339113961e-01
-7.433041808166145348e-01
9.746084944927295712e-01
-9.881956629871269104e-01
4.445217603182094468e-01
1.997869391379909487e-01
9.723628056803947928e-01
9.160733726142633593e-01
-5.661063037067681769e-02
-1.302077283580473921e-01
5.586944252929337829e-02
-9.293181795655043320e-01
-3.914267628108207830e-01
-2.430647985867537830e-01
6.920270851211407503e-01
4.246456669708398302e-02
7.814108981969871692e-01
-9.626217938609260560e-01
8.650141393991677141e-01
-4.742022280368833886e-01
7.045605712336591164e-01
-4.043849434181905345e-01
-1.876109980051221537e-01
3.792528679514468593e-01
-4.196519537309288950e-01
8.261268055743666849e-01
3.411936096014760444e-01
-7.606717227510473300e-02
3.472152257427898459e-01
-2.260341491509345602e-01
1.142846692726573465e-01
-1.682903500081676107e-01
-5.634992901773576701e-01
-4.399392962153052533e-01
-8.158926075846313353e-01
-3.742796242869150802e-02
-6.223870239255586689e-01
5.986772439495045006e-01
-1.227510648182927877e-01
-3.891869885158183440e-01
5.443435906003843971e-01
8.113853146518761328e-01
3.771548086868912186e-01
7.851533745248908680e-01
4.075128174252555802e-01
-6.879385001055078330e-01
6.062141809665759773e-01
-7.828699778008201271e-01
4.376156978077385684e-01
-8.838976719840063723e-01
-4.446281149124777787e-01
-4.609283934290482332e-01
-1.512057727265978535e-01
-1.109313875912161240e-01
8.834949852586189145e-01
4.715216088190932187e-01
6.328347657095960699e-01
1.305561452215886487e-01
-6.116181188208653641e-01
8.228498945670925657e-02
-1.678688477658605294e-01
6.643852993090848535e-02
4.398346278639819751e-01
3.931677401462914112e-01
-9.557841876958610428e-01
-7.173651875036894943e-01
-5.619810428305516137e-01
-1.898852525776486555e-01
-2.719883418961497323e-01
-9.672464967720462159e-01
4.801726042679275164e-01
8.574688127787712943e-01
8.157428327617792796e-01
-6.612936526709576324e-01
1.724874289794842142e-01
-1.654770890382217807e-01
5.806739218032790362e-01
-5.219751943656345539e-01
5.454479558457139277e-01
-7.038244236450856839e-01
-1.494862739242597272e-02
2.421901279179399236e-01
2.219970397551875863e-01
-2.193497711538066053e-01
1.967184175945395630e-01
9.542921756408171419e-01
-5.065261204801370098e-01
1.918696915024689087e-01
-7.744194888727047310e-01
2.555278342566928984e-01
-5.700217582370772362e-01
-7.699126008029517632e-01
-9.538581094788027848e-01
3.710309378009575276e-01
-3.986546730408546679e-01
1.410496559933946958e-01
-7.964429474841272505e-01
7.684913040106866600e-01
-1.912591444126898743e-02
2.418957306646825067e-01
4.463582248193673774e-01
-6.118582370034493234e-01
9.837433391858079190e-01
2.960162308725440283e-01
2.863030530625458869e-01
-1.708785404600907665e-01
-8.569671147494430929e-01
-6.631406583026477897e-01
-2.334320325395133899e-02
5.416362867510269297e-01
-3.085564635038069436e-01
4.996946411017957335e-01
-1.380000632928588544e-01
-3.047302712569082139e-01
4.527806249502264180e-02
-2.532582748952885154e-01
8.645200836730235761e-01
-8.442400597482697666e-01
-5.133145447888554092e-01
4.163568150277234814e-01
-4.731322542623865868e-01
6.185732922835125436e-01
-1.841279394887023191e-01
3.350915632939150957e-01
-1.205663605386630977e-01
-1.478884220643359448e-01
8.299683787242424504e-01
-1.100277697725777770e-01
8.808413452450656322e-01
-2.014990389906630153e-01
-4.984997844559746483e-01
-4.658108212929481518e-01
6.343868764464715149e-01
5.932748373670593267e-02
-9.932788942315460279e-01
-3.600678218258288599e-01
-2.715671173695013429e-01
-4.439169611110391767e-01
-7.798042963410807271e-01
-8.641667083896569235e-01
9.141534889728493152e-01
-7.968483747536359019e-01
-8.565979981934144227e-01
8.393596474291122878e-01
-2.751584290203512584e-01
5.747035088494099053e-01
8.826093821621021629e-01
-5.342286375593521264e-01
-2.847750795008889835e-01
9.116085461667025047e-01
-4.767433325732848282e-01
-6.643999014466646091e-01
7.228739685042273599e-02
1.265191344302289966e-01
7.524805979868500749e-01
9.844753438672251278e-01
-4.264133704846806427e-01
-1.735223914790433586e-01
8.282152989543134503e-01
4.389409886085016144e-01
5.457584546631129019e-01
7.085091484234724568e-01
7.357839137180124389e-01
-7.348795352681467552e-01
-4.398154423358913157e-01
-8.332847299405328201e-01
9.517410673016388767e-01
1.530223661707701410e-01
8.033669522609541147e-01
8.535632711451586196e-01
8.502558078120203700e-01
4.916718233655876791e-01
-5.669889104148306824e-01
-5.102187984930799391e-01
-6.272741482504828880e-01
9.568252518329598555e-01
-5.706402042106057948e-01
5.787440411213133906e-01
-6.271824291933316697e-01
6.589051914738222049e-01
6.888826219907899784e-01
6.875215422217670902e-01
7.089602691606626816e-01
-1.475288123928717443e-01
-6.487529179213227248e-01
5.893269403010261698e-01
-8.997300810507655733e-01
6.161544066912416628e-01
-9.505087414992281492e-01
-8.431514773224955128e-01
2.364959138658064841e-01
1.395078120233759211e-01
-9.831309115927688858e-02
3.803128606772823161e-01
1.117092138069106788e-01
-4.397198069314431912e-01
-3.721291267201232156e-01
4.222183359758693300e-01
-3.807955819213388882e-01
-9.242012065222866557e-01
6.862912779057146473e-01
2.914322275659824157e-01
2.778445973322647422e-01
2.780466414723614665e-01
2.018199587544402540e-01
-5.325949930680629052e-02
5.226466741151791773e-01
5.066953242979788108e-01
1.223116168839180062e-01
-4.058812376506231168e-01
8.851785021261195929e-01
-2.055942952225120468e-01
-1.587406080491193805e-01
-1.809039316849456736e-01
-7.249624283015123627e-01
-5.758609754314041318e-01
4.742238592349699022e-01
-5.531636454259325486e-01
-4.124067533439013111e-01
3.870882816656042724e-01
-7.356131752313341821e-01
-8.710019960929569205e-01
2.019658134286175244e-01
4.757004783740466092e-01
-9.093015540507809469e-02
2.178878919206117537e-02
8.453006158978000339e-01
1.709295986969650016e-02
-1.413689355439653461e-01
1.607214107775896128e-01
1.206407526424746468e-01
-1.938697685559254147e-02
5.367525027602830789e-01
-9.162929635142322837e-01
9.473084757077439022e-01
-9.698833898579897195e-01
-1.369799981390507071e-02
7.109677670948502115e-01
6.356652757088379069e-01
-1.884808895798326667e-01
-1.075564378179001412e-01
-7.845050145780729789e-01
-4.499594370246249309e-01
-1.655816772153650973e-01
8.805144502171537990e-01
9.147493881949666505e-01
2.252574318340916371e-02
-3.431541620081453026e-01
-3.903992461976930617e-01
3.476323822114035789e-01
-7.579025195522197667e-01
3.775571884917761079e-01
9.347421302987464209e-01
5.435692266983713772e-01
-6.131727819007393165e-02
-1.493533262531463457e-01
-9.337576273590366682e-01
-4.269516109919908597e-01
8.603402946392142425e-01
6.129913677868925603e-02
2.459553244914189918e-01
8.959259238592558461e-01
-9.144379579610155684e-01
4.602787929315468318e-01
-4.570984426318440708e-01
-4.862545135145466269e-01
1.252884950939447961e-03
-4.569686295343247107e-01
-8.287696253927938628e-01
9.249135926643476946e-01
-8.487302370923330841e-01
5.558522584436391689e-01
8.832692632747940475e-01
-7.765245127129685176e-01
-2.012080204208044343e-02
1.613517174698502199e-01
-7.827506903088865542e-01
-6.804268637656765151e-01
-2.272607515770566078e-01
-6.630952157787515233e-01
8.899644525090355529e-02
2.842418442149230451e-01
8.569872335422465959e-01
9.135098390223010956e-01
-4.291153983049933451e-01
-5.398764966024134360e-01
-3.631252603843861948e-01
7.088722972629857288e-02
2.971241138521065750e-01
1.070072944164108808e-01
-2.434116951967784104e-01
2.400238836132917442e-01
5.501699623998685951e-01
1.968723167840478183e-01
1.758175853241592534e-01
3.953277798271996879e-01
-9.099050239584425270e-01
-1.008632270476703674e-01
-6.273536930538623491e-01
1.114226080319644652e-01
7.532509024902982464e-01
-6.687901022996949330e-01
3.544245422822767111e-02
-1.013632253031337971e-01
-6.941959559920005685e-01
-6.557513674078883081e-01
-3.892773461913867639e-01
4.730130076552006013e-01
1.642645402705020796e-01
9.176806044089915737e-01
7.188830263964574030e-02
6.326618156690611006e-01
6.363615689152961608e-01
-3.154435447594861053e-02
4.071431122735527097e-01
4.702402875278868244e-01
4.769043069279033098e-02
-9.196297070472088109e-01
-2.851437648524333124e-01
-9.296722527931802205e-01
-5.757875482744845286e-01
-4.388933534205241571e-02
-8.441034036753045644e-01
-5.964349259991115204e-01
6.336952857892790281e-01
4.550262035526868587e-01
-7.514378865833413190e-01
-6.497445017983320970e-01
-9.066007652539798123e-01
5.885685786402996555e-01
-5.918695566517264695e-01
1.260155468250947486e-01
-7.141535444936060184e-01
2.373976824244194983e-01
-4.826626755987108996e-01
-8.929447882306971174e-01
-6.820512032500054556e-01
8.536163691128453301e-01
8.715556940879189973e-01
7.890895599843112951e-01
2.236213794011592260e-01
-5.916889890577170519e-01
4.484972698880107522e-02
-6.178977490100407977e-01
-2.542542358238037981e-01
8.177738532992049336e-01
5.361921155227618030e-01
9.230224403354647666e-01
-8.636329710458157116e-02
-3.547495858087275078e-01
-9.536343675556511190e-01
8.623492858883967660e-01
-1.067106168417084611e-01
-3.758732197879115500e-01
3.895704307766050256e-01
-6.035872739176049162e-01
5.083211247234498131e-02
-3.870645843842446254e-02
-5.525544066154539635e-01
-6.110975023939380080e-01
5.383879958533484000e-01
-8.773405093439683444e-01
5.917194783661201551e-01
-3.223906359962218637e-01
-9.676390053522629930e-01
-6.058681755566721616e-01
8.310385079782984796e-01
-5.469047256687820102e-02
-5.546189680035038538e-01
3.908944042306723432e-01
2.914707260954552126e-02
2.275753339924657670e-01
3.513465204083576765e-02
2.213830192315209278e-01
-5.085618718368034585e-02
-7.952645732722980476e-01
9.516681800645225842e-01
1.028978110512408506e-01
7.312928251552754944e-01
8.928784381685503924e-01
4.298830216757529854e-01
-6.515885673000232359e-02
6.083780195811991920e-01
-3.334047206517727346e-01
7.186956390508347781e-02
-3.089033651260193469e-01
1.527126888286829409e-01
7.508356149737922536e-01
-4.374091970583930955e-01
-2.856069296164320814e-01
6.467814613686051484e-01
-3.765832722479263150e-01
4.493344673212920082e-01
-3.394075237091607189e-01
4.969575690983913940e-01
6.985437955314899305e-01
-5.929764005483861844e-02
-8.051248638759840315e-01
2.110690736655109756e-01
1.503957840201619600e-01
7.954324673908907961e-01
6.602041705185450748e-01
-4.017027155295904706e-01
1.784106824247049250e-01
-8.677408349426938283e-01
9.006806530488162821e-01
-1.870072616450366709e-01
-2.183873684568835571e-01
9.927684908321259272e-01
3.414331422017831130e-01
-9.870589112530030462e-01
3.491229765455112766e-01
7.538231564927262429e-01
-3.888761416104147273e-02
-6.573936436778795578e-01
1.351397669018261638e-01
3.088283988984066308e-01
8.988362283983430956e-02
6.915276231166900267e-01
1.263778027917605851e-01
-9.346479430725695980e-01
1.800804013737706821e-01
-9.321001338385117574e-01
4.166234072946162215e-01
-9.803313903168535681e-01
3.996220874295617342e-01
7.800940098322499683e-01
4.103009998216942122e-01
-5.245088409705331856e-01
-3.429749156438783864e-01
6.980510441787157738e-01
4.400445045747998218e-01
-4.443801065898436153e-01
-7.454256591957730826e-01
-6.611921222473546855e-01
6.992070041588904772e-02
6.306924925152477268e-01
-4.857269346295089996e-01
7.243427469495267168e-01
9.597288864874142789e-01
7.572388416772963815e-01
-6.237093106840074785e-01
-9.139864187066759627e-02
5.580072742544270881e-01
2.897311079765167996e-01
-5.361427678374892647e-01
