-3.321889047779895132e-01
-5.646441967738341505e-01
-1.111504981406035375e+00
-7.116116523196837074e-01
-1.060795272292899494e+00
-5.747815891063932092e-01
1.072089364959044167e+00
3.672251430225524360e-01
6.895174606533943651e-01
-5.203637540997544386e-01
2.706510788529548628e-01
-1.085663335134366969e+00
-1.597506902194541389e+00
-3.816039778273782046e-01
-5.555571830871709471e-01
-1.480866523864275308e+00
-5.256839966505371109e-01
-2.372328817402894252e+00
-1.357869479871454566e+00
1.434678927412533223e-01
7.690722937824560068e-01
4.938266491093340482e-01
1.008182522440061790e+00
7.035221121932084820e-01
-1.942118927767945702e-01
-9.547772422153696370e-01
-1.461675911215956303e+00
4.266977249990461796e-01
1.534128698676070046e+00
5.102204962060494786e-01
8.099637303444969794e-01
6.559006757518907049e-01
-8.527578951945788965e-01
9.857368425955113089e-01
5.526421727380448345e-01
7.262989922352657279e-01
-6.216210242222279803e-01
-2.800717953331354759e-01
4.528990149368514184e-01
-1.387284690232064799e+00
-1.985046966238240007e-01
8.261187332707857767e-01
-3.629920192246030575e-01
1.091455845191930951e+00
1.342005119943547320e-01
2.445990193941609825e-01
-1.094383531301002410e+00
1.289084189065088148e+00
-8.964091871879910078e-01
-1.158744070282395899e+00
6.466799595865856398e-01
-4.142151279032634803e-01
1.727044821598363103e-02
-3.064844847146548923e-01
6.291868091759442727e-01
-3.597374482783147753e-01
5.536905489082210030e-01
1.811650018140233076e+00
1.113093916731081823e+00
-3.622060338051890649e-01
-5.200291928636485705e-01
1.991750180077503485e+00
6.365170017114977208e-01
4.254987179580055900e-01
-5.190049988529014113e-01
-6.380387885841257711e-01
-9.160679266635791684e-01
-8.571841733706152544e-01
1.875650068080173982e+00
-1.198198972600182488e+00
2.331625886466814068e-01
2.245353138364929002e+00
1.688329011761310783e+00
9.262555156485804408e-01
-2.943619973494228728e-02
-3.774711131562764610e-01
4.629819273089038068e-01
4.355444854324413972e-02
-9.773986639647624930e-01
2.563442762423567278e-01
-1.576915233120080861e+00
1.387485493416798610e+00
4.164612931903187154e-01
-2.753433086943946617e-01
6.215010192952266088e-01
2.541807796103933814e+00
6.018821322932865758e-01
1.282984785655116200e+00
-2.969323605861334814e-01
6.015827964068651834e-01
-8.562214808338955985e-01
1.594153232509432083e+00
9.857952597681151063e-01
4.860550889147071119e-01
1.079477778949341493e-01
-1.341842406512415931e+00
-1.371227063093924281e+00
-2.174206770551548595e-01
3.557270990807492317e-01
-1.317767192129136178e-01
1.410346376370086086e+00
5.569082145657064387e-02
4.727492880788380925e-01
-1.087581104316716729e+00
2.411148094113571450e+00
3.704889341231256544e-02
2.595703184318996382e+00
-1.280562015189624425e+00
3.168611518636719193e-01
-1.020652774693410647e+00
-1.555751446982085895e+00
-6.348089251824993173e-01
3.749138868384464529e-01
1.803353204586539915e+00
1.220917620327102604e+00
-4.625213611527899671e-01
-6.382202172583313349e-01
-6.837822739694016105e-02
-6.842389761107048329e-01
-3.758476504542396790e-01
1.622276499222298662e+00
1.543269475464242313e-01
-1.172298848465246346e+00
1.182442622928308262e+00
-1.970025931062590607e-01
-1.545670996048809309e+00
-7.449596714813453424e-01
-4.826145960385139766e-01
3.518217442139767170e-01
-3.477288332354744882e-01
1.081181455076525744e+00
1.289345843200560893e+00
5.231829800311751377e-01
-1.117192691371757807e+00
1.040168979670959670e+00
3.325624638481943784e-01
-1.395699419088716198e+00
-6.256604335130191430e-01
9.888283391717060944e-01
-5.679703549029223586e-01
5.930182787709561976e-02
-1.489007037479936679e+00
-1.378568607261321688e+00
1.847158174935515262e+00
-2.203586077559751763e-02
-7.059774657736133108e-01
1.674290867889123291e+00
1.421705217062108062e+00
-3.033075760072773130e-02
-1.549606716158076769e-01
-2.122947288442555536e+00
1.974979370069541440e-01
7.847696343461250112e-01
-5.250326268025904408e-01
1.347890879967837297e+00
-1.044228573458030773e+00
3.116467909102031530e+00
-8.274505792513697777e-01
8.316469387431886517e-02
-5.834860650836847240e-01
-8.480846946904888606e-01
1.087926098863840396e+00
-1.974262320127460946e+00
-8.710999195400426220e-01
-6.902934481322220428e-01
-7.393883158524695576e-01
6.373250799340575146e-01
1.410868969881131363e-01
-1.114540721163585824e+00
8.514531267153135907e-02
-6.240034324781552622e-01
-4.740581627656523245e-01
5.730060956759379653e-01
3.204905561972037353e-01
1.701568289651112176e+00
3.780573930410625061e-01
2.271084563683408053e+00
-8.198138525149503697e-02
1.462001566202358438e+00
-1.083327180116609723e-01
1.838381433583990698e-01
-3.989515776039748163e-01
-3.061293543666615546e-01
-7.542769632256228762e-01
-3.875999570111753334e-01
-5.261207049934679691e-01
-1.703344577601268561e+00
-5.849808893892844558e-02
1.837497456427598763e+00
-9.847350439862363469e-01
-3.243896198214979432e-01
5.761473658296563105e-01
3.566220459958538425e-01
-1.665823128049549740e-01
-6.314833112217517475e-02
7.694000547684920477e-01
3.928440279589562878e-01
2.220563771300772260e-01
-3.414154270833777427e-01
-4.329810705136908355e-01
-1.402694222224201703e-01
-2.097141526038407700e-01
-7.333275916183121801e-01
6.344855267869747850e-01
1.185837840607612409e-01
5.877480719724895164e-02
2.842415981935220715e-01
7.311389581699498375e-02
1.969114493750464545e+00
3.699621814693399013e-01
3.177496749356903405e-01
9.630793046182442030e-01
-4.254614915993849000e-01
6.002126110911498030e-02
1.119498205412425618e+00
5.397488870638431774e-02
-1.653923828845395461e+00
-1.253994902853544924e-01
1.493180533961362189e+00
-8.136927410528881355e-01
1.304298664408245489e+00
-1.273598630091913542e+00
-3.667190053532878857e-01
-1.365615482442436690e+00
4.060874633193433669e-01
-2.242179040399281398e-01
5.019175515710413427e-01
8.249304132005470525e-01
-1.675719155860643683e+00
1.805716634160680290e+00
-2.607467998807049270e-01
-1.036535802696524788e+00
3.130255761716010943e-01
2.893760055215489624e-01
-1.194578136009186498e+00
3.977811581869992175e-01
-2.370386937475831290e-01
9.085738503108087283e-01
-1.878306800911223817e+00
-2.405878366709140792e+00
-1.078315516975315136e+00
-3.937651889662589499e-01
2.373091664751215690e-01
-4.057538966072303244e-01
-1.044404346603091005e+00
1.168594019050693600e+00
-1.111575931020609698e+00
1.009582634364502088e-02
-1.127496124574876024e+00
-1.593760201890377592e+00
4.152184320717951516e-01
5.725994448104249068e-01
-5.401925279694858029e-01
5.888761243994018457e-01
8.468294091787229583e-01
1.408710960395011424e+00
-2.553982930354277148e-01
1.321892231051197131e+00
-6.409683661525373832e-01
-2.091915262983760626e-01
-4.416246081453644168e-01
4.747337004452041875e-01
8.988536503095417851e-01
-1.969957150855678796e+00
1.652505809961513084e-01
-9.763456571618795987e-01
1.787428616382244817e+00
1.037426673562900525e+00
9.677240614149821285e-01
-6.168292139490259007e-01
1.470856384450158760e+00
-4.302618203959282517e-01
-2.406596742300137204e-01
-3.399019265646607280e-01
-6.021727287455914679e-01
6.396989109491523218e-01
5.927560588893665550e-01
8.705921740090265537e-01
7.385034206769903742e-01
7.554282011979699396e-01
6.968878476385313991e-01
-1.130618811203151663e+00
1.955136246033555847e-01
6.163689658929973891e-01
1.104746270990395685e+00
3.195486333622902797e-01
4.950637169583427255e-01
9.049966274384707576e-01
1.004084535426519098e+00
-1.693647569021611510e+00
-4.021738682723950964e-01
4.807870157462701410e-02
-1.984360778380657164e-01
-4.778864461655228935e-01
-3.946357980151664613e-01
2.426940608354399842e-01
-5.074859185305859999e-01
-2.331933884150473035e-01
-1.518748526032130508e+00
-8.693864531990561639e-01
-9.424659939964077360e-01
-1.366876712475686206e+00
-3.331847218333062188e-01
-5.292234824021488926e-01
-9.460769262935826429e-01
2.163122005587188312e-01
-2.359253810960538489e-01
-4.006517038264305053e-01
-6.872481179725088707e-02
2.392105673931372856e-01
6.382872272676088921e-01
-2.364033537070429958e+00
3.530736826060597577e-01
-2.554834261630145043e-01
2.183366797660815539e+00
2.413478218222932181e+00
-4.680460498492597932e-01
5.595063128584329970e-01
-1.251171971172396535e+00
-7.889376143389698059e-01
-1.509617468904177695e+00
-3.097225250226365856e-01
-1.260854876352835330e+00
-8.365952460416453684e-01
5.872142007056162516e-01
1.168382919057169289e+00
-1.239882758486277492e+00
-6.672600632643439500e-01
-1.258072622872364876e+00
1.780669584061251420e+00
-1.734964587287560978e+00
6.129665566190429793e-01
1.374722739112797278e-02
-2.909617817546317764e-01
6.053351712549501773e-01
-5.115601303862046256e-01
-1.137758200568912192e+00
1.170992043115638870e+00
1.122698758515016770e+00
2.254248467990721538e-01
2.079823743526017399e+00
1.445697352979109229e-01
-5.753078411693375305e-01
3.907242121489841180e-01
5.683806670525677965e-03
-3.362160708031917133e-01
-8.929125315346988501e-01
-8.697592825649504977e-01
-3.360900322275464647e-01
-8.896703518082621498e-01
1.472862316956152773e+00
3.017963263940285357e-01
7.149816245733926490e-01
2.304082363349613694e+00
-2.124460649329294348e+00
-9.511301887170113822e-01
7.841234072223629559e-01
-9.035022697459504926e-01
-1.505969856075801916e+00
1.181016890568111544e+00
-1.718892219612833783e+00
4.069254559250281011e-01
-5.552266959431866322e-01
-7.645083821450330275e-01
-1.580682489817940017e-01
-9.877163837443747596e-01
-5.713327099105812712e-01
-1.755777797250558311e-02
1.192699734939211886e+00
-1.835787047960375507e-01
8.212573954844468727e-01
-1.387598517634939688e+00
9.916651367102654602e-01
-3.713224218648745190e-01
6.097564031899216364e-01
1.257426533710075622e+00
1.467130379755365865e+00
1.325400717527742467e+00
-7.025699138100635621e-02
3.710821108008927616e-01
-1.707802451110350894e+00
6.395108172079078113e-01
9.448163248475184295e-01
1.647098252587775591e-01
5.661587911061900513e-01
-1.214212067875118095e-01
-1.116153967693535476e+00
1.318954219314055543e+00
1.079366254549918525e+00
3.262778726085316383e-02
5.541478585291421260e-02
1.158896222267169485e+00
-5.372392931348578538e-01
-4.886340649542512127e-01
-6.331479856095959535e-01
2.405498867145400635e-02
3.028867141247890138e-01
3.909327344262591986e-01
-1.171558984045813379e+00
-2.789093546395474132e-01
3.563724533061930072e-02
8.688529104497377809e-01
7.430134915251578320e-01
-3.093470636987165623e+00
1.093713826567967118e+00
1.162498323297404212e+00
-4.710678980912807456e-01
-1.403827482335138654e+00
2.257495345571400025e-01
-3.606220856326006197e-02
-1.008891268759863069e-01
5.649697326340624715e-01
5.087016893463890410e-01
1.310339405581376418e-02
1.111647865244048017e+00
1.142306243588967041e+00
-2.286302751176630288e+00
-7.963216944690286736e-01
5.077762425996670131e-02
6.764202914986223725e-01
2.620585443999453590e-01
1.458166348029104054e+00
-6.457994930287657143e-01
-1.048564998368956558e-01
2.109137881543369897e+00
2.088301167769421873e+00
1.053138548647877482e+00
1.916979230772554998e-01
2.278619831146218300e-01
3.609590355390004252e-02
-1.244113273520384588e+00
-8.666703208857647889e-01
7.472524559063820071e-01
6.357061610302713328e-01
2.235811264071365378e-01
-2.420072951938881389e-01
-1.011787773006684210e+00
-4.596144600573224270e-01
2.480826052358172940e-01
3.873184593422880351e-01
1.809313800943699035e-01
-3.072615150375923032e-01
3.729082712866352844e-01
-4.900511543553927596e-01
-1.368379207515125984e+00
-7.001471677703339225e-01
2.639627865060608425e+00
1.196786281140623132e+00
-1.201532201190631977e+00
-1.610095961133056752e+00
-3.806825408825829093e-01
1.159995640650071103e+00
1.657569918557714184e+00
-6.869047717964695821e-01
-4.478246136992912740e-01
2.268269403834182463e-01
-2.263040568108757034e-01
1.182658043876006815e+00
1.041888672782141034e+00
-5.358856043413344761e-01
-7.506137244856070367e-01
7.103978768936971555e-01
-1.434919814374003622e+00
2.666352460750967546e-01
-1.522077210116981272e+00
-6.076077679358590222e-01
-3.717324993405382583e-01
-9.690227581542329993e-01
-9.454703875864325369e-01
-2.712342964008573332e-01
9.348594564521620631e-01
9.787681655842914719e-01
1.266187083574063399e+00
-1.084686557044364265e-02
6.920950464521654633e-01
3.187133455134392168e-01
-5.365372351075194945e-01
1.357843861290499943e+00
4.174959628296174841e-01
-7.919394019435812559e-01
-1.416076915718983142e-01
1.469319432810692438e+00
2.250687631639459507e+00
-1.255424135439578093e+00
1.286251600399201944e+00
6.292724986941574672e-01
5.910393082803901965e-01
4.348235152748827770e-01
-7.272398932914092562e-01
6.274404792131251796e-01
-6.812538093463301747e-01
-3.975640671960883887e-01
-2.798419680279808919e+00
1.678072038579095093e-01
1.710963074343231582e+00
8.893609350348309350e-01
1.215704486878190327e+00
1.299084101435487693e+00
-6.419454995771740613e-01
2.262542974448722433e+00
-8.322663970162776925e-01
1.405826559838525003e-01
7.102468976345732710e-01
-1.033236635940056047e-01
-9.360685039350202796e-01
-4.306401309841017405e-02
9.684671915286886534e-01
-7.163602065749508085e-02
-2.444238879744450033e-01
-9.027326954291765571e-01
-1.636172916716383541e-01
-7.735917215077992015e-01
-1.927316091264361930e-01
-6.913701895243340445e-02
3.228419596653708257e-01
-7.075701867742213436e-01
-1.816459960177711608e+00
4.766974886075617812e-01
4.881872376107465050e-01
-9.376803467339113185e-01
-1.042606230749204554e+00
8.707694668275793859e-01
1.935787122163667717e-01
-2.290489492536111060e-01
7.493639334632677673e-02
6.004065261060850256e-01
7.275358669070890461e-01
5.942460613990995233e-01
1.650811289055664544e+00
-2.589930519070929860e-01
1.036174457179198649e+00
6.149582140633377270e-01
4.528294972996753653e-01
1.338469523918373871e-01
1.100757364375903435e+00
8.013086713341577294e-01
9.707655529568592900e-01
-5.318711122130285185e-01
-2.883366947271964520e+00
-1.039188832555672182e+00
1.676665648757768579e-01
1.641540535967669079e-01
-5.115838449037630326e-02
-4.375124022561725501e-01
-7.070824989308128750e-01
-9.043789496991311294e-02
1.088461014906538571e+00
2.386660278462376272e+00
4.694368026014110740e-01
-1.261760636629094767e+00
6.499689450746873320e-02
-5.954010901729909211e-01
1.102597978588550465e+00
-5.715476227576891111e-01
2.722719016682709103e+00
3.124023343972079925e-01
7.279777687018753607e-01
-7.936914268644684745e-01
1.022941190705388470e+00
-5.913206872266487668e-01
-3.015167621889905947e-01
-9.796059787788190532e-01
7.184553174022197952e-01
9.480944178465569028e-01
6.028481961786077425e-01
-9.782131610822156764e-01
8.363155093839159671e-01
-4.009351257165649218e-01
-5.697391288765371042e-01
-7.932632756199089474e-01
1.921583910447040022e+00
6.935437056255558397e-02
2.409513320405713976e+00
5.763055823558426161e-01
-1.928499310204457640e+00
-4.910240750635725959e-01
-1.148489407272623053e+00
1.601212006364549190e+00
5.047011091985408315e-01
-5.795982902019257699e-01
1.796536050780972726e-01
-2.417827002482042242e-01
7.244612803853887062e-01
-9.090599726118102630e-01
4.299903079496456559e-01
-5.727730651049218746e-01
-1.131920950789118807e+00
4.743082698726899249e-01
-2.405441882504687490e-01
-7.740033512200195087e-01
2.325720630372100084e-01
-5.737007701857419484e-01
4.072950617424776487e-01
5.844818162354851188e-01
1.732687804780042251e+00
-5.823156824162597500e-01
7.695217225539892070e-01
2.454575774087406070e-01
-2.468799395583343159e+00
-9.953313592456114467e-01
-5.376602224967999000e-01
-6.240869645257886011e-01
2.162057044798562366e-01
4.145746163098295578e-01
1.589202548477568255e+00
-3.373256378376786602e-01
9.258583196409178040e-01
2.103220215940409255e-01
-6.652233740309527743e-01
1.315767456049045547e+00
-1.546963460216763231e+00
-1.331074406613565742e-01
1.837541549080647485e+00
1.871718258919504996e-01
-2.400710123703138077e+00
2.527449398606826324e-05
1.449623024955417838e+00
-5.395588334836987077e-01
-1.001600746145625775e+00
1.041871962951306241e+00
2.323925958448252449e-01
-1.069950806740658678e+00
-5.829920327437840832e-01
-6.826311452904404442e-01
-5.026438424358540269e-01
-1.383612590635392658e+00
6.476098551544310356e-01
-8.067267934287564168e-01
9.786597629045501456e-01
-3.494455608117094658e-01
-1.429911702468830148e+00
-1.286592421177302992e+00
1.577174168108434471e-01
7.521415988434503319e-01
-3.368003943295738156e-01
-7.206582545529045536e-01
-2.012459727600933446e-01
1.221891276844655483e+00
-1.255309122177317382e+00
2.815952860785588333e-02
-6.773319473291633530e-01
-9.025717957412117132e-01
-1.184072739593100332e+00
-4.714753697148021949e-01
5.326780816846999889e-01
2.079089309447230624e-02
1.481952574033668535e+00
1.585679548757503943e+00
-9.412084145513702760e-01
-1.750396225763222624e+00
-1.951321355805324953e-01
1.227282414043978420e+00
-2.123058939143351864e-01
9.702549671342500792e-01
-1.624412262189793177e+00
-4.463631858000135372e-02
1.128463184999519697e+00
-3.579008693913741657e-01
-5.492729731616063926e-01
1.246664345755939207e+00
-3.045084227218031875e-02
1.841623251727110000e-01
-1.532737058349094239e+00
2.536674585383874025e-01
4.676330765598161743e-01
-1.782153891622945685e-01
8.831415067787608264e-02
-6.554709379478630693e-02
6.310285675657552051e-01
9.053675276942890759e-01
-2.110341341789430114e+00
9.854123235224844235e-01
-1.037514150888779740e+00
-9.101185781432111765e-01
6.282711901878194061e-01
-1.248798922457966531e-01
-1.019226759805406113e+00
9.553211528091903881e-01
3.162111349209599798e-01
-3.804780725356547710e-02
9.627943959944397501e-02
-1.336354585877809864e+00
6.414330667831156241e-01
-1.184800661859645610e+00
-7.682163165364391810e-01
-1.098408749191907896e+00
1.559966971955778769e-01
-2.525496322043916872e-02
-1.701223436661316368e+00
-1.433801992438470396e-01
2.360937036191618876e+00
4.906119097154231223e-01
9.663478495196043960e-01
1.570311682074276627e+00
3.822288019217090493e-01
-7.293334403838914737e-01
2.970641690783922678e-03
1.277938609298716832e+00
-6.933945795353507746e-02
-3.702063180557279565e-01
6.299625560856465523e-01
4.746072702675750710e-02
-4.687259286671927039e-01
2.658390526886448946e+00
-1.347599070686876788e+00
-5.639480484917325231e-01
1.561258524729605579e+00
-4.502943323999535757e-02
-1.851441851763698354e+00
1.069262936406023101e+00
-5.587481729973862166e-01
-4.034000107487747955e-01
-1.623355470368486708e+00
-3.620182266728598219e-01
1.138477405495479156e+00
1.591763627491694200e+00
1.216961640417276724e+00
-2.636139418763325803e-01
2.858164694116245852e-01
7.100985166183977348e-01
-2.779097030487052145e-01
1.896832895326036716e+00
-2.375816852046579511e-02
-3.439959089063926445e-01
1.751476698830868983e+00
-1.654512999601759349e+00
-1.229255122892568552e-01
8.897666532606538503e-01
1.937778438659105262e+00
2.758997121723362200e-01
-6.151867383527105382e-01
-1.185734392954178373e+00
2.923857728983009774e-01
-3.059197106885511719e+00
-9.636271690228861431e-01
-4.966371636582034843e-01
1.382337823017292244e-01
-5.615571799554606169e-01
3.008971299635751495e-02
9.106780933626221763e-01
2.595869938146840306e-01
-3.365885254823990924e-01
2.315548528279819385e-01
-1.952259830996528889e+00
1.542128626561975135e+00
8.817688574555913039e-01
1.302597385326967894e+00
3.862693831249858212e-01
1.469847614447103545e+00
1.888845065959630087e+00
-1.406021240224675672e+00
-6.412468812147471553e-01
-1.208175804770835304e+00
-6.604511481808706952e-01
9.652852098601643061e-01
2.633066370164504733e+00
-1.236518832557723435e+00
8.874319684300773226e-01
7.424286894826354066e-01
-8.931911999705161032e-01
3.551946443017857669e-01
3.660238441219811900e-01
-3.812397302819498512e-01
-3.956255072364853742e-01
-2.043751387480097770e-01
1.345531493384822253e-01
-1.665788593570479259e+00
2.029223724832716624e-01
-3.266459578101148509e-01
5.884686144493580517e-01
-1.244726224809769244e+00
-1.754237563073444583e+00
5.573164830934010383e-02
-1.328300459585598503e+00
3.827653561195514254e-01
1.378412465086404026e+00
1.282177354276168968e+00
-9.697181465607917702e-03
-2.457052456374120564e-01
1.529050228492716323e+00
1.324915256805756059e+00
3.864675136399579047e-01
3.342041813566946629e-01
-8.309601843150140610e-01
-3.235697933087595124e-01
1.049214502061996734e+00
1.194806738903632537e+00
-2.467287974368520265e-01
7.183304260746155023e-01
6.005706861671351593e-01
3.447814789021571014e-01
2.997041387744308061e-01
-7.418727981946828809e-01
4.181729046494468000e-02
7.624788913384410449e-01
-6.060806276493023725e-01
5.417547416793019321e-01
7.772625116742782891e-01
-1.469055143539105934e+00
3.269334905721555384e-01
-2.483630431948094242e-01
-5.319213414996983857e-01
1.980908576122881293e+00
-6.088928998147444815e-01
-6.780240562079900002e-01
1.889758284214747563e-01
1.076831517628036305e+00
-3.626198297242601010e-01
-1.022845611607021254e+00
2.169629224707660120e-01
1.407253125760257184e-01
2.948620693977810348e-01
-1.651109460311891874e+00
-2.837136709892907893e-01
-7.415407932458493168e-01
-7.342391458832779882e-01
2.159476289128069659e+00
-8.483576345855123879e-01
2.093153767477286209e+00
8.325216524826652975e-01
1.888230053060299951e-01
-6.076125276267930753e-01
-1.094787577764976677e-01
4.940037230919540612e-01
6.404369260300617483e-01
6.595561431991638912e-01
-5.771771826205214506e-02
8.575687940962396505e-01
-1.267395312999088253e+00
-2.248430658472123367e-01
5.910623428342570707e-01
2.117028629058611278e-01
-1.058317629819956140e+00
-3.899362187328045959e-01
-1.563147497185139789e+00
-1.239783754633684981e-01
7.919057963037232084e-02
1.547881162022314960e+00
-4.623873653354423907e-01
-1.481315930886744348e-01
4.422586647658575121e-01
1.314589384225187674e+00
-9.560656896959254247e-01
-2.210941507546525742e+00
2.206162229191617752e-01
4.757009073877566108e-01
-6.331365160695371364e-01
-8.820965808069211045e-01
-3.187141912558970058e-01
1.163792297910341444e+00
-6.890246264363195650e-01
1.321701495455598563e+00
9.174933122911782535e-01
-8.804679396739201191e-02
-1.589859663856061145e+00
4.628303576542402986e-01
-2.029617239452528032e-01
-2.423405516815600791e+00
-9.584942751209782896e-01
1.674707783485832380e+00
1.491083590830563965e+00
-6.373524701199825837e-02
-1.071180341360191468e+00
-1.068039834187235471e+00
3.354924210589040334e-01
9.654494867604770381e-01
-1.783483739902452125e+00
-3.437498358258498921e-01
1.330585669873796562e+00
-5.861198084132369923e-02
-3.450486980625137590e-01
-6.186963340732241079e-01
-7.957778019892306487e-01
-6.684130667418894944e-01
3.383467205565430791e-01
-1.254097212884728973e+00
-1.721282017732634340e-01
-3.004587747231209430e-02
-3.445382685005573542e-01
3.270319585910835269e-01
-4.971482019118805273e-01
-1.067745286694821161e+00
4.862619495859524799e-01
3.861577814223524641e-01
3.651563053189405550e-01
-1.171773649949161999e+00
-1.409397267710832624e+00
1.412533748097618558e+00
1.615659190317948746e-01
-2.434459182781162578e+00
-2.386118073990332600e-01
-2.730796392447213394e-01
2.438044276959283607e-01
5.365228657375294974e-01
-3.752595028919160636e-01
-1.540565516299433169e+00
6.989686220845691134e-01
-1.204296042009392442e+00
3.350574932864553435e-01
-1.403289133088578833e+00
-1.852327094726975432e+00
-1.398611534599252471e+00
-1.383376175377897921e+00
5.570055024714395397e-01
5.131747555057285526e-01
-3.732121014276221227e-01
2.028154564879962596e-01
-7.609024525956875618e-02
3.881924078058474614e-01
6.804184947605421696e-01
-2.567521871577630233e+00
5.235142807030050971e-01
-4.176468251105741603e-01
-2.426894583881869405e+00
-4.605660678535641178e-02
-1.935913975740921389e+00
-2.023274342738670573e+00
-8.120494838078595734e-01
-6.671939020676903587e-01
-3.823308217448171953e-01
2.012839916714532773e-01
-1.415578888055954776e+00
-2.220096153812390616e-01
2.846223857577096505e-01
1.183177353291793077e+00
6.011213095120094829e-01
-1.492921063862209241e-01
1.529870472194068798e+00
1.872413520861940517e-01
-5.745700338046503264e-01
7.922549131604773587e-01
-1.099459382056789503e+00
2.598263187186222734e-01
-2.107750219970389027e-02
7.748089631563651603e-01
5.242485436692913003e-01
7.868665662478729894e-01
-1.899402195898198142e+00
-7.424779203109044268e-01
-2.910230552165073495e-02
-2.370078242013017311e-01
-1.461684318483492673e+00
1.090578673652430552e+00
-1.186804476328611885e-01
-3.438433731798601345e-01
-1.319879979172958961e+00
4.052424838314447331e-01
-9.640379821988921405e-01
-6.837782957232774184e-02
8.333131899727554970e-01
2.317758714947338039e-01
-7.009441906128872635e-01
1.067430051437828070e-01
9.035419242001848650e-01
-1.719659478045316492e+00
1.298306809345376456e-01
-1.342336855858520528e-01
4.088428938231734033e-01
2.657623611669496899e+00
6.345586025780507455e-01
5.053704279239302766e-01
-1.278478160231250715e+00
-8.579428087292788607e-01
2.328044522308625464e+00
-4.445296856397741303e-01
-1.407854795669041703e+00
7.157873443081794740e-01
-5.892097170931513972e-01
1.327272387957448174e+00
6.863638542507304319e-01
-5.279899259570945969e-01
-1.152069107736993114e+00
1.060371819500401269e+00
-8.988611277917109010e-01
-1.294702360110926653e+00
7.089218237541988765e-01
-1.588344422888976260e+00
1.667825907168014599e+00
-2.033238817886875438e-01
8.757147487231828897e-01
-1.264627551691251073e+00
-1.084907898466265230e+00
-1.095618537488872946e+00
7.921620993455803506e-01
-5.206966519039825103e-01
8.027639223527964774e-01
2.023699773672589686e+00
1.279165793941598128e+00
8.500932335225280800e-01
-2.084976173079722717e+00
4.266646179686437446e-01
-1.336597133658334879e-01
-9.185180871286027227e-01
-1.673316982791514862e+00
1.001432009237750220e+00
2.625637651623593083e+00
-6.594688358786066074e-01
1.346342633487003893e+00
-5.612647938341602805e-01
3.660007234299608725e-01
