headers: MedInc HouseAge AveRooms AveBedrms Population AveOccup Latitude Longitude MedHouseVal

min: 0.4999 1.0 0.8461538461538461 0.3333333333333333 3.0 0.6923076923076923 32.54 -124.35 0.14999
max: 15.0001 52.0 141.9090909090909 34.06666666666667 35682.0 1243.3333333333333 41.95 -114.31 5.00001
mean: 3.870671002906821 28.639486434108527 5.4289997421904035 1.0966751496062297 1425.4767441860465 3.0706551594363756 35.631861434107655 -119.56970445736354 2.068558169088932
standard deviation: 1.899775694574866 12.58525272572521 2.4741132023334833 0.4738993762577553 1132.4346877575979 10.38579795912819 2.1359006537974126 2.003483187746951 1.1539282040411853
indice del val min: 73 3130 5916 20248 5342 11849 14762 2655 2521
indice del val max: 1566 2 1914 1979 15360 19006 1859 13924 89
median: 3.5347999999999997 29.0 5.229128787878788 1.048780487804878 1166.0 2.818115654360196 34.26 -118.49 1.797

