[[0.44262603 0.30349301 0.80652861 0.05102767 0.27831293 0.36500734]
 [0.16952537 0.28331279 0.63905584 0.55052196 0.26608969 0.67337393]
 [0.60539868 0.09032172 0.05257789 0.40865211 0.74221839 0.79410229]
 [0.83578206 0.44967406 0.56328337 0.02866705 0.72360748 0.26416715]
 [0.11626887 0.18845429 0.13352126 0.33553604 0.61298339 0.87640719]
 [0.1276009  0.03620793 0.27356351 0.81555424 0.01980203 0.96960024]]
[[0.14051983 0.15490168 0.31238801 0.01254186 0.01618296 0.07631144]
 [0.1993488  0.01807677 0.08918428 0.24983663 0.1056714  0.02207476]
 [0.51373167 0.04733432 0.00840867 0.03246491 0.08169124 0.05697529]
 [0.03536429 0.37654693 0.21825972 0.01114388 0.24353774 0.28640032]
 [0.09842367 0.03365818 0.44814619 0.64976721 0.06438028 0.00632223]
 [0.11512468 0.0461442  0.61446388 0.2442172  0.71862915 0.32015001]]
