[[0.34606505 0.08176773 0.62702149 0.76673468 0.25163914 0.81069674
  0.00324841 0.23872276]
 [0.61852521 0.67706113 0.34650587 0.16816528 0.87778908 0.79768884
  0.98930679 0.68269154]
 [0.64565995 0.34584834 0.91340791 0.71292267 0.61306453 0.31454488
  0.3985055  0.58132906]
 [0.91668017 0.06302026 0.69794616 0.47690835 0.72311162 0.28232022
  0.70697925 0.91879248]
 [0.30617922 0.63616095 0.80562297 0.86263719 0.77925321 0.34555417
  0.70539676 0.44872607]
 [0.07244979 0.30666414 0.99137319 0.94459423 0.06166336 0.49910389
  0.68847354 0.32818628]]
[[0.34650587 0.16816528 0.87778908 0.79768884]
 [0.91340791 0.71292267 0.61306453 0.31454488]
 [0.69794616 0.47690835 0.72311162 0.28232022]]
